005233
004755
000386
009080
005634
007733
004363
005815
000857
001901
001403
001355
001640
007134
007287
001882
005707
000332
009655
007684
004747
006358
002716
001601
006371
000523
004314
003421
002918
008181
006238
006490
005185
004950
009775
008554
005712
000308
005340
006454
000503
005699
002288
008987
007360
007106
003514
008058
003756
003088
000363
006546
004752
006345
001383
007877
000797
006933
007678
004032
008097
000931
009421
001150
002963
002266
009436
004056
007628
009164
006938
007046
000840
008716
000732
008223
008167
003125
009756
001991
007020
004659
001419
007545
002769
003619
004446
008789
006508
005672
008833
000180
005509
007113
005252
009928
002215
009407
008847
009656
001218
006813
003151
001456
004031
005915
003696
002923
005988
001889
001869
005737
006237
009404
003858
002374
000286
004277
002515
003797
001364
008838
007511
000125
008815
008804
006618
009011
008348
004460
001041
002717
002254
004685
004239
009784
009759
009722
003938
001904
009341
009272
001840
008190
005437
008745
006940
009032
008621
004012
003467
005987
005849
009030
001894
000268
006008
005168
005304
004495
000754
001703
008048
005204
004999
009895
005679
003932
006810
004205
004212
009657
005147
005124
007607
003799
001599
000537
001820
009806
003123
001042
008531
004527
007558
006266
009639
004621
004021
001507
007835
002017
000860
002152
006102
001934
008307
003312
000001
003531
006541
007690
008255
003249
000458
009850
000968
006647
009367
000303
002698
009143
007022
000838
007377
006734
008219
000061
000989
001460
004754
001073
005053
004226
000033
009733
001293
005141
001864
006499
004539
003502
003902
009217
003836
009869
000120
003879
000656
004570
007089
006272
006770
001878
003385
001090
008238
007021
008362
001191
002542
000756
006136
008761
006705
000900
001067
003205
002894
008171
008983
008130
002966
006213
000498
006251
003427
001093
004122
004622
006741
006151
003748
008100
007397
005477
004980
000768
007420
008612
008957
009148
004978
007751
003826
002114
003007
008381
007954
001455
005406
007790
009267
005958
006097
009324
000443
008954
009745
004214
003814
007932
006670
003423
007756
008717
004647
005036
006694
000509
004589
004857
008199
001866
009785
001630
008189
002505
004057
009346
008404
002569
003739
000160
006220
008074
004149
005409
007988
005824
009847
005911
009047
001157
004696
002548
004593
009484
007031
001104
002590
003201
000833
004470
005607
003724
003883
007429
009462
005756
003866
009278
003986
003024
004853
005105
002142
006530
004649
003474
004474
002915
002911
009663
000489
008568
000163
002574
000155
008038
004780
009491
008208
002326
006872
005249
009572
002641
003760
005471
000176
008250
004397
004522
008885
006590
000879
008649
003701
000455
001825
008019
006045
003674
004743
005524
003471
006446
006977
006725
002382
000137
009493
000790
001120
008670
000852
003786
006994
007746
006376
003791
006369
006039
006898
004852
005931
004536
007176
004578
003633
009504
003660
008488
006050
005758
009659
002532
007854
003618
000527
002169
004878
007579
000654
009693
001982
009371
003207
003444
005140
006891
001796
003939
009867
008561
005130
004813
001392
002112
004513
007407
004963
008802
005772
002632
001253
003609
000598
005395
003700
007291
008922
002285
009100
005389
001135
007359
007956
004551
002991
007668
003409
000806
008216
007419
002580
002129
005206
001877
001673
002686
003684
005952
006107
009154
009016
003571
000133
005511
008336
000388
008150
008341
005641
003410
002620
000307
003585
008416
009443
006720
005194
008332
002610
006450
004921
009299
004834
008630
007613
005811
008225
004096
002074
008409
007750
006363
009503
004912
007275
001775
000491
009901
006165
009357
006617
003048
004864
005355
000145
007731
008447
005673
004964
006611
008036
003792
006636
005545
000191
007140
000247
005004
005287
005880
008018
009231
002245
006404
009470
003115
007810
009319
007130
007738
006701
007689
008003
000460
006348
003073
003460
004001
005734
007500
005658
000185
003581
008999
006711
001734
006037
009582
004097
009435
003827
001426
001133
007470
002615
007032
008587
008728
004673
005873
009397
000457
002137
003159
002290
008005
003090
005221
000414
008588
004267
007930
003944
007655
004580
007586
004393
003138
004584
004787
008011
002957
003234
005775
000777
004767
005181
001361
002463
007051
005532
009837
008425
009620
008938
009259
005278
009868
001697
000448
003485
009401
001938
001250
007205
006906
004640
002992
005422
007638
005017
001081
007455
005682
000936
007700
003397
004969
003523
004575
006866
007158
009746
000360
008129
004194
005171
002589
008102
001931
002475
007609
000589
009197
005997
001095
005947
008392
000058
006177
006852
000109
008725
000496
000553
009854
008079
004722
004828
006231
007910
006509
009495
003863
002853
009660
006160
005517
003741
004848
009385
006410
001027
000219
002046
002683
004299
006379
009683
004070
004893
007784
006012
004112
006557
009353
008104
004109
005378
004256
007826
007387
002228
002085
006554
006534
000490
001248
006629
003737
000694
008961
007842
001822
003869
009763
007324
007634
006532
007736
002588
007052
008557
007741
007401
002878
003211
007284
001113
003430
008722
009332
006580
009054
003750
005572
004940
001190
000629
000069
002049
002310
001462
007331
001085
007742
000500
002317
008364
006594
003128
005597
009242
000890
007583
001900
006781
001497
000130
006684
009705
001614
008805
009668
002208
008851
007094
004507
000117
002102
001785
008919
005653
007017
001555
005486
005277
009550
007161
008050
007206
002679
000640
003713
002348
000888
000801
005525
000882
005465
001130
008770
007065
003032
007122
004693
004986
004619
004379
004014
005131
007961
002585
002603
004569
001330
003743
007165
004759
003359
008243
007894
001952
007425
006104
004918
001533
009264
003338
007043
002478
005442
000958
008827
003638
009711
006692
007951
002570
007508
008763
000688
006981
004476
003334
008160
008652
009681
006497
002079
004445
009590
004613
001920
007296
000236
009002
000985
001316
008735
005637
000804
006298
009649
005381
001369
004946
008686
007440
001417
006227
002807
001830
001040
003330
006853
007023
003653
000242
000907
005165
006123
001566
009270
006503
006267
004325
004252
002072
004128
005608
002981
002932
002735
001057
007882
007663
006091
004129
005619
000548
002420
009917
003021
003729
006965
008118
001408
007908
002763
004034
002464
002948
000186
004488
000195
003755
001333
005271
003382
009098
008709
001859
008756
004553
008929
005600
002833
005770
005491
009603
002852
008781
007352
004463
005125
004973
002949
002599
008615
001674
001842
006667
004378
004230
009534
003707
004011
001381
005752
000324
003084
003337
007712
006015
004479
001071
002399
008144
003459
006788
006845
004794
004868
009022
006746
003644
002177
007824
008921
006448
008382
001589
004295
001380
000123
003216
006564
005048
002337
003011
008995
001195
005515
006178
004437
001848
008293
008267
005402
007928
009546
007196
004931
004607
002427
002190
008437
008613
003012
005243
004888
007308
007114
002474
009565
003419
004784
009584
002573
009473
005630
000321
006244
008028
001413
005377
003424
008529
008096
001454
001312
000292
005259
003353
007327
009588
007513
002513
006180
004761
006481
004582
005850
007786
001995
000971
009155
003762
005539
002268
006514
007154
003008
005878
001583
000550
002982
009078
006103
009472
000903
002572
001115
000135
004534
007244
005855
001173
008926
008575
004181
003386
000520
008594
004657
001109
006630
002402
004319
008369
007472
001066
000773
000896
005109
008667
003990
003133
008760
001980
005925
007242
007828
003322
008494
007874
000151
009219
008951
007198
006589
001197
003925
006480
008093
002431
002880
009874
004923
006762
006998
001490
004966
003170
004286
000933
005587
007776
001814
008732
002755
004009
005609
004555
009028
002324
004080
006578
005218
000417
007414
004127
002040
009487
000603
008055
001940
003344
001851
000294
000809
007053
001668
001405
001909
006459
005530
006291
000636
005996
001897
000230
000930
006750
007683
002370
003191
007899
005026
006859
003754
007243
009708
005935
000844
007682
006863
004172
009038
006522
008419
003450
005990
009587
005910
000361
000540
004180
007107
003027
008551
007584
003720
003875
001755
004514
007817
000026
006640
001660
009408
000279
006747
006584
007164
007740
002321
007088
003413
000944
007922
006141
005832
003372
005480
007621
008934
003110
007773
002270
007850
002061
001013
008959
001154
006552
008470
001263
000662
006400
008817
005011
004157
003303
007335
003859
005420
008347
000778
002927
002756
009350
004079
006818
009612
006644
005580
005613
005008
009214
009364
005241
007918
006337
006080
000421
002786
009647
007778
006293
009213
008431
001592
009648
006071
000545
002253
009094
000664
002039
000994
001009
005002
008603
006401
000128
003868
007923
005816
003994
006297
001169
001523
007618
007781
006631
007058
008217
005398
007380
004736
002879
007486
003264
004138
001306
009721
004483
004915
004135
001235
001933
003328
004039
008400
006312
004036
002545
008657
005234
003842
001339
004219
001084
009309
003051
006164
005326
004464
001924
005973
003240
001284
001561
005033
003287
004016
006585
000510
008512
003802
001642
002734
006559
005057
005315
002667
003120
001388
004995
005962
003770
002443
007312
005628
004411
003690
002248
005101
004523
009741
007808
009821
007864
005458
004764
001326
000288
001805
005561
001516
001242
004922
006558
003083
006804
008663
004665
002449
001585
006638
001969
002014
006908
008188
007852
004869
008187
002950
001390
001655
003970
007764
000954
008899
006751
003202
009376
000749
002705
005866
005441
002289
009402
007804
003895
008600
005434
003887
003555
003476
001821
004741
000808
006384
002251
006332
009640
005967
004173
003160
008311
007117
003126
002597
009908
007369
005668
004814
004209
004082
001896
001967
007085
006708
000957
001627
004832
006139
007501
000403
004167
005624
002906
005043
004241
001194
008890
002914
001176
002886
008052
006820
005183
008818
005519
006836
007714
009645
009812
006430
002485
000512
007318
005145
002642
005648
006583
009208
000325
009474
007002
006848
008903
005590
004981
007408
001124
008060
009762
002329
006865
000400
009730
003206
008151
006540
004434
006975
001286
008220
009513
003813
009308
007788
001569
009298
009132
007732
005999
000969
006438
003482
007809
006873
008426
007605
000582
002977
004602
004050
001343
001342
000986
006437
008645
002592
002838
008574
001119
001635
000893
005971
004519
007077
007427
007095
008936
009713
007345
008636
006767
008197
008967
000408
000278
000725
003033
005050
006182
001365
004119
008502
006041
006321
004361
007125
004339
000796
005941
003626
006381
004168
002413
007642
007361
002584
008445
007492
000107
008123
003640
009229
000187
003236
004618
009466
009886
005042
007286
001206
009853
000275
001571
008186
001193
004574
005158
005949
005728
001485
004331
006496
002704
000593
004316
009687
004355
008164
002232
009253
003634
000207
009423
004116
002486
003357
004546
007004
008376
006022
007375
009765
004829
007805
009905
002649
001802
004110
002406
004632
001828
001416
004371
001208
005300
003298
009575
002605
009569
000981
007000
006099
003198
005174
000427
000991
005351
007703
002357
009738
003396
000062
006799
006002
002799
000993
001437
004989
008595
009449
007768
003085
009145
004303
001287
005983
003352
001542
004654
000053
005028
006301
005332
008099
000953
005918
008905
000039
005879
005940
005239
001028
004266
003525
000420
003583
006659
002185
001757
003602
009393
001758
006675
008705
001868
001564
008913
000161
005721
001513
006822
009699
001178
001540
001425
007142
008263
006357
007843
006777
001128
004863
004439
006576
003691
006774
009320
000413
001659
002514
005632
000347
007936
005768
002814
000339
002629
003681
009920
006053
004676
000712
008982
007632
009822
006966
003667
002517
003911
005452
003255
001039
007412
002497
003156
003865
004354
001479
004579
004694
002868
009149
007972
007430
008350
002044
000610
007239
007465
007754
002262
002540
005319
002953
001557
000301
008877
000054
004833
002912
000845
002048
008718
005903
006861
007556
005468
003028
007686
004069
006339
001813
003345
002460
001051
001212
008046
007038
006982
005946
002496
004310
005154
002724
003313
007590
009031
008442
000258
002608
002336
003456
002798
009174
003124
001719
001895
001915
007807
005484
009042
001617
002111
005376
001989
008799
009808
008482
003882
005636
008525
003366
002645
000484
005902
004382
001684
002682
008451
000377
008335
000841
002901
005318
009244
003846
001126
008039
007090
001082
006084
001968
006263
000811
009361
003509
006424
005390
003709
000564
009794
003370
001180
002960
009035
002653
001004
006713
007358
004699
002166
007063
000821
008122
007323
004424
009151
007819
008869
008711
008737
007191
008027
000973
003661
005040
005121
005211
001721
007611
002425
003744
008514
002871
007815
004916
003117
002257
005654
002155
009828
003900
000807
007566
006662
008992
006779
007082
005804
007241
009769
008642
003864
003771
009579
009758
003612
000934
009519
007915
005669
005767
008266
001623
001770
005364
002777
008068
004961
008139
006895
006419
005344
003959
008606
000085
005500
009258
008346
004293
009734
007970
000672
007937
007339
001536
001202
005051
009196
005148
001421
002436
009089
009112
004409
008177
005258
009893
007146
005436
005231
004844
006271
008321
004404
006917
007353
001052
006416
000661
004827
000507
008669
009567
009803
003095
004775
001371
001953
000939
000945
002412
002379
002116
000534
007151
004423
005490
004924
006673
000406
001761
002904
000444
004000
002788
008673
007428
008946
005324
004229
001783
003226
007015
007181
001641
000010
006259
006903
007172
008861
000379
001213
002489
003522
001239
001033
003845
001407
006656
005485
008854
009411
000052
000608
006290
000681
008876
001271
003682
004472
004587
004920
006504
009748
007391
000559
001311
004862
006984
006065
008708
000748
008193
007069
004952
000544
001401
003834
005199
000115
008452
005163
006620
005238
003510
006831
001903
009524
007464
008771
009551
004910
000848
007639
003584
004543
003561
009717
000422
004842
007390
005106
006288
000200
008790
007760
006668
002757
002162
001863
003457
000861
002862
005565
007603
001439
009688
006336
005135
005226
009843
007514
000785
003290
002860
003507
009084
002153
006728
001511
001514
000217
005743
009290
002356
002283
004908
004141
006485
005901
008888
007831
006079
008233
004760
009181
001529
007904
006962
003541
005778
009107
008855
000289
009809
005160
001453
003795
008724
009249
001347
007373
008977
006066
002781
003169
006904
004729
007110
003607
001685
008168
004073
009085
000647
001480
008653
009563
006101
007247
008622
000721
000578
007480
009815
007853
003493
007569
000202
005497
002022
002331
001249
006582
001672
000763
008859
004386
001996
001411
009121
002718
000892
008710
009498
008008
006095
009325
007485
000189
005799
004289
004897
006884
000397
006115
002692
008509
000760
004154
006961
009490
006073
000770
007392
009454
008519
006223
009335
008245
000612
003579
005882
003119
002101
008275
001035
004956
000333
001948
009036
002020
003101
008448
005991
002961
009622
001890
008550
006122
001005
000385
003376
009525
004858
006375
008953
002350
004742
000956
005529
000677
006300
009463
006772
008566
008082
008035
003475
003622
007299
006057
003666
003801
000978
007119
004720
008605
001545
001259
001428
002624
001091
001457
007326
003245
002195
007963
006062
009257
007490
006614
004405
007783
003411
002964
003972
006116
009236
002060
000214
004422
005335
006642
005694
000459
004332
001892
009814
005559
003592
007395
004467
007775
001815
000668
005254
005950
004812
004876
000526
007145
004387
001420
005729
000885
004843
001121
005575
003494
007098
004515
001373
008006
004028
003224
007990
003261
006942
008249
008110
006539
008856
008265
004430
009133
003704
003702
003798
002743
000074
003876
001354
005022
006874
008739
004651
008178
009159
000166
007226
008741
001488
009819
002563
001999
005856
004042
006900
004111
006234
007989
007219
007622
009469
005698
004148
001382
003057
002315
005354
002639
006816
003651
008834
001431
004344
006766
001171
006176
007619
004343
008918
007200
008106
003606
006909
003176
000745
005715
006215
000734
009852
002887
008544
001321
001344
003881
001025
001756
009804
005951
008532
008235
003676
007135
006535
001179
008972
001318
009441
006305
004979
001946
003617
005142
002291
005046
003013
001537
009057
009246
008051
000872
006235
001449
000276
004065
007770
002018
001858
001340
006953
009465
009715
000374
000122
004500
009280
009461
007491
002455
008080
001036
004944
009557
000625
000627
004199
008917
003360
007404
000950
001707
008281
008142
008315
005692
004825
008986
007966
008601
004985
003091
007423
003996
004617
003233
003654
005606
009749
001069
009127
000005
005407
003262
007259
009744
000211
003772
009898
000752
004652
002924
009093
005552
008787
005134
002726
005897
005348
006147
000087
004231
005818
003554
004117
001764
002527
006802
003092
003949
001266
009696
003061
009177
006077
002647
006246
007050
000162
006700
004678
006306
007905
002304
007502
007310
006372
000177
004240
009261
004019
003390
000631
005858
006634
000188
001046
005025
003488
001215
002108
004541
007222
009848
009902
007097
007488
009378
004991
000876
001450
006256
009761
008647
004895
000277
008391
000036
003562
000434
000147
003192
002623
006563
002053
004155
009740
009873
006847
002688
004967
001324
008295
005598
002502
007101
009207
001910
006551
002175
003740
000706
008030
000720
005676
000298
004734
001787
003989
006877
003351
001823
005146
002820
009820
009532
006754
007104
003504
003889
001670
002885
003892
008310
005312
006175
006648
003551
009817
002929
004820
006703
000013
000158
006840
000730
000529
007653
004288
002126
001166
005388
006317
000692
009798
001579
003162
005835
004542
007437
008970
002729
006862
006476
006560
005227
008153
007070
000823
000007
003508
009500
003837
006928
009389
003757
005885
003178
003543
007525
001105
008463
000378
004875
006261
001158
004914
006969
000963
005382
008218
003804
009835
006501
009844
006792
004224
009245
007803
002487
002275
003841
001885
005280
007707
002530
008254
009897
009720
005944
003168
008253
002274
008829
009233
001338
006664
000124
003279
004658
006330
005005
006479
008256
003671
006608
003528
001047
003222
002535
000152
004675
000094
008581
009294
002117
009102
007701
002183
004243
007102
004282
002385
000392
003440
000270
000265
001881
001374
005781
006868
009851
006510
002591
007820
000536
009144
001811
004385
006398
004783
008973
003107
003664
001987
001138
004048
001518
006907
008631
008898
009703
005963
006619
005708
001078
005938
006350
004855
007199
005612
005128
005562
000313
004076
007967
009076
008069
004800
005014
008450
006206
009529
004170
004329
001782
002445
004262
003058
003546
000246
003904
003898
006025
002739
001908
004380
007477
008326
000997
008998
009539
002607
000639
004609
005401
003371
005492
003538
001791
006425
000874
001648
003003
007406
003030
009481
004724
008229
005540
008750
004211
000084
000532
007217
007123
008676
009907
008119
008895
005748
002139
004788
005705
004856
008882
009141
006915
008968
009818
003610
001530
001597
007699
001628
009238
003936
000650
008114
009537
008284
007059
008527
002765
000209
001346
003350
007977
000511
008820
000846
000092
006871
008231
009065
008850
001912
006698
000273
000726
005523
001679
000800
003848
004121
009359
000830
001645
008925
000824
001110
002829
007997
000478
007811
007987
000746
005044
001228
006743
001031
003054
000646
000814
002234
008546
003187
001860
008292
009446
005874
004015
001790
006760
008360
007300
004294
003929
003511
001267
005261
001781
008446
009780
002973
009700
002033
002123
006745
009379
004803
006545
005986
009237
008914
007576
003112
002708
002713
004471
000355
002134
003316
001152
009724
001954
002161
002243
007554
000368
002965
003428
005209
008830
009091
007969
006157
006197
007907
009185
004369
001442
000851
004342
006556
000310
000488
005018
005656
007651
002301
008371
008884
007210
007654
006726
001918
001956
007720
000736
007765
007941
003378
008435
005976
002586
003532
000853
004081
009014
003552
002240
003454
005977
006997
004504
006211
008422
008022
004628
001598
000788
000311
001925
003589
003102
009381
002332
008320
002282
004377
009800
008994
005601
001077
007730
005831
001891
005820
001435
006926
006214
001404
008070
002037
000929
005030
004727
006797
006567
007873
003896
000859
003742
007013
001741
006697
007604
001019
005096
007418
002150
008412
002651
007357
009104
008583
005843
001272
008049
005342
009345
007016
004145
001884
002902
002811
008268
000910
004896
006030
006979
007875
009685
008029
008105
002462
004731
000012
004384
004776
006108
004455
005697
007194
001207
002145
009766
006359
005415
006349
004485
002560
002947
009020
005665
005549
003980
007209
002490
001643
003405
003870
003829
005919
001541
001524
001048
007033
008338
009095
002974
002602
000850
006653
000243
009204
006934
004250
007056
009019
001432
006027
005175
001615
008679
009109
002343
003358
004087
008368
006671
001657
005774
007333
004533
004635
003645
006171
000863
004677
008057
003816
004052
007229
005100
008098
001445
005666
000394
003235
007529
009168
006674
000972
006222
001852
003065
002196
007091
001857
008586
008349
002477
009571
001222
003129
007927
005419
000015
004054
003641
008748
008423
006138
003443
001653
006765
008538
008974
009222
004562
004815
003683
003250
004207
000244
007283
002745
000302
006927
002926
005662
008592
001226
005610
007858
008283
004477
001116
009845
005323
005245
000055
002016
002576
008179
009027
003412
003984
008383
006127
000249
003642
005487
002587
003643
002685
004871
007917
004508
005735
003843
001554
001303
005923
006224
000019
005528
006613
002391
008146
005569
006646
008239
000083
000837
002023
000373
003407
006542
008955
008723
000006
006912
003243
008094
003484
004139
000139
008184
000382
004879
006096
002728
001254
000729
004064
007468
004459
009358
009480
001751
008939
001489
006761
003006
006707
007431
001026
005534
005657
004190
000157
009428
006353
005709
009555
003019
002359
002224
004025
007099
004187
005544
006954
006109
007650
004300
000964
005577
006225
008597
009075
007876
009000
006021
004296
007716
009179
009211
002931
008221
008420
006740
000402
004634
009088
000724
004516
001981
000766
008602
003631
004933
003294
008952
007384
005244
007343
000238
004974
003689
000028
002643
004336
009540
007945
007499
003237
004945
002501
000792
004499
000614
004690
005152
007100
003016
006731
006184
005216
001481
004106
001075
003849
008517
003116
007450
008461
000718
005862
003272
004367
003812
006058
005428
002026
005399
007935
008485
002617
000659
004216
004147
007640
000912
009732
002444
007960
002697
002299
002056
002899
002432
008013
005371
004571
006436
008242
001438
000927
002674
005693
006516
006987
001636
001865
000630
001943
009390
006241
009171
001415
005504
000618
002863
006483
006864
005727
001563
008682
004810
002341
000713
001315
000108
008154
003130
009200
002575
002180
001399
008672
002618
003605
000755
007610
000898
007469
005739
001525
004561
008941
000312
002230
004552
004046
002616
008852
007903
008408
004885
009623
004146
003844
001678
007949
009900
008792
000701
003097
005266
008660
000181
003675
004353
009589
000469
001100
003147
004203
008591
004763
007493
001236
002259
007565
006844
008147
000515
007364
006811
001512
009547
008471
001573
007288
002307
006036
003537
002678
003723
005680
009037
002827
005554
001984
008397
008734
008491
009077
009561
006783
005753
008695
005220
003005
000349
009086
002702
002110
006233
008162
008286
008536
003736
007518
009781
005161
002925
006395
003663
006392
001184
001558
009105
004714
006878
009528
001015
004942
000887
004133
001440
006515
009718
004811
001217
002895
008604
001963
003886
003924
007143
004591
002451
006075
000226
001277
004104
009558
008943
007869
006142
000262
004222
004753
006420
007424
002571
000505
003195
000255
002493
009248
006805
001619
004623
008040
007411
003420
003805
008394
007748
009880
004482
003548
006655
006837
004273
000267
007080
002071
001547
000856
005467
005265
003415
004633
009223
009840
003877
007581
001835
009801
002063
002510
000260
002292
005793
008658
004826
000473
007398
008797
003388
007178
002424
006469
000017
000822
000858
004304
007757
006174
000648
009307
005262
007617
009635
001269
006932
002933
008889
008508
007614
002547
005400
003326
001985
003995
001238
007656
001258
006005
008486
002043
002255
002971
005732
001016
006960
009382
008034
008835
000891
003426
002461
007328
001596
004823
000091
009092
005150
005394
006296
004717
006486
003043
009059
001412
003714
004913
000044
000719
002659
002472
001021
009896
009099
002212
001759
002465
006113
003164
007704
009673
005023
008765
007436
008384
000439
000676
001289
007456
008280
009593
004919
004418
001914
001526
008513
005117
007504
007601
000445
003947
006732
007453
004889
004374
003194
008345
004007
003603
005888
000129
004663
000174
007717
006495
000463
003364
003231
007170
005361
009919
001574
000169
000208
005292
002908
007184
007445
009103
009878
000687
004738
001146
001500
000344
006677
006121
005541
009007
005650
008088
003672
005555
003425
004547
007231
003570
009343
001443
000018
004264
003783
008747
009892
000206
002219
006467
000071
002795
000081
009616
001710
009581
000940
002806
000424
008691
008704
007061
008867
005151
007616
003625
007321
001185
004708
002772
002521
006963
006607
007871
004412
008700
003706
005331
006078
001210
004010
009058
008937
006951
006463
007897
007329
007848
006428
008428
000955
007791
004027
005110
001634
005713
002847
000040
003365
004312
002438
004450
005481
007269
007900
005047
009653
005071
003648
001221
004970
002851
007214
008273
007659
004174
002006
006294
009548
009795
005936
002690
002857
001610
004653
005921
000399
004196
007591
000562
007173
003515
005016
005800
004532
003381
007317
001600
009483
001114
008845
000970
006685
001335
004407
001196
006003
003093
006807
000836
007483
002013
009772
006753
008552
003815
004627
007475
000404
007163
009911
000901
001562
009872
000114
009232
007838
003362
005472
003141
006218
000596
004281
003963
002913
009110
002999
002869
000173
001786
003961
008054
002384
002415
004786
000076
003050
004626
009228
004572
001014
000095
002855
002128
008883