012272
016750
003824
011288
003426
012380
000068
007392
016814
014402
008208
008474
012180
007726
002508
010812
003810
001038
008264
016410
003784
009256
013078
000234
007872
006496
008788
002484
010378
005962
007124
012108
002552
015102
012378
002214
011750
009506
003862
013002
001184
009352
006072
011894
015042
012776
000702
010120
005032
004792
016984
008376
007820
011636
007638
001098
010202
006782
000384
007908
013916
016854
010094
014212
001302
013482
000414
005340
002654
000540
016980
003286
009174
007432
001598
008996
012692
007120
004142
013024
003244
009772
008174
008432
014624
001702
001066
006054
011230
006148
006470
002722
001940
006446
011158
014410
016020
001954
016684
006696
004270
011280
015172
013750
001530
002652
013106
010660
016472
002666
015588
010080
012234
003588
003268
004660
008238
012812
016280
011222
005408
009946
014068
012194
017026
014872
011348
005750
004216
005554
015734
013526
001190
010622
001854
001260
006176
003020
005874
009858
006024
011996
004438
014440
015316
003272
000164
015718
013512
016952
006724
013498
000214
009502
004198
008824
012068
012084
004762
012248
007316
010632
010396
014630
011824
006524
001890
017012
004506
002306
005546
007334
008276
006942
006112
016182
001790
002474
004338
008104
006538
011242
006366
013044
005738
008652
000154
012174
010598
015698
009464
004186
014928
000398
010272
010482
006954
003732
011162
005370
015878
000992
014500
015166
009078
014042
012994
012996
001348
014484
007588
016524
007044
001752
003018
002574
009720
012972
017000
016012
014018
001502
003730
015052
000930
007108
001068
007132
003734
005918
004996
011620
001078
005404
016562
001672
007324
009492
016654
003378
012354
016436
015548
014470
002060
016406
014596
014608
008572
004420
013122
012862
000786
007822
013970
004914
013804
011634
010140
013464
009902
007350
007176
003500
008446
012962
012564
008492
012950
016498
002918
004712
003214
015806
007446
012164
009146
007128
001296
014444
015222
014648
008756
016004
004380
006868
011092
009646
003794
008768
009228
008558
002402
015084
010590
014750
016642
009744
005308
011456
008672
015952
016150
011126
000328
008580
001094
012788
007624
013870
015430
015320
011920
005092
007768
014510
009876
001904
009150
012898
015236
013214
001046
009416
002892
003120
016178
006058
001324
009226
015978
003380
012482
003040
008562
008846
006138
012750
013458
009212
000286
008048
000026
009422
015058
007550
003474
000172
012092
005456
001110
003614
004812
015138
001726
008270
007946
012362
001102
012804
008886
008288
015512
006114
011150
016960
012664
009494
005124
002984
008038
000952
010648
005762
010982
000010
002192
015226
006648
014288
000616
007916
002092
014368
007900
015600
003988
009034
005838
007574
001646
002862
001848
010394
005070
009304
004808
008664
009676
008754
016590
004260
005016
011208
012150
003534
003330
009798
006354
002734
002982
016544
014456
002034
006224
014152
001960
015848
005422
001528
002236
001944
003430
012714
011380
009874
015028
003700
015676
016822
015682
016470
000878
005920
005136
005036
004376
001540
010918
016682
005372
012356
013072
005720
011382
013658
013198
004974
006460
005770
001194
010306
014322
016974
013230
013284
004738
007170
007502
009160
001996
013540
001760
014990
013630
015108
016488
007014
007860
000802
015732
002286
006506
004500
006522
002820
010658
012748
016556
000926
015408
012774
016906
001574
003754
015792
013244
016420
008764
014814
010966
003204
002570
005618
011458
012462
004944
010732
012214
015366
002024
002728
013538
000130
015786
006444
006708
003450
010866
012232
015208
001076
013462
001380
002146
005982
003564
000022
013700
000902
000198
015824
010524
009790
004742
008030
015164
015810
007468
001384
013424
002458
005732
003814
007274
007788
001862
007464
014968
008802
007440
010206
014282
009314
004872
005906
005630
004494
013768
001796
004934
015412
012302
009382
006996
003918
016570
011098
009732
002714
007412
016802
007534
006492
005132
012794
012074
009724
015396
015804
001166
016332
015292
015336
006204
010930
010494
006796
001624
006398
015616
013572
001786
011526
012846
009180
001770
012076
007548
006860
016432
005908
006258
008814
005504
008244
012452
015720
013154
009514
008772
014412
012814
007598
013544
000948
001742
003566
002658
006642
012860
016992
004386
002588
007662
004724
008568
010784
013272
000914
001952
010854
012666
001776
007028
009682
005910
000132
010840
002696
002136
005744
010688
008100
004320
005018
003472
004104
014142
011686
015378
012662
005990
009694
002204
002542
013456
009996
001910
011474
000572
013756
014004
015476
008278
004158
016576
010916
007628
007554
004508
006270
015976
011168
001986
016770
003780
014776
011414
000474
008262
013632
005288
009840
000000
007852
004602
002408
014038
001924
001710
004932
016776
006406
006790
016022
014986
013962
005666
009944
007558
014662
000408
011820
006950
005952
008832
005234
015474
012720
016692
012496
000152
004754
001782
003158
013274
016292
010428
012398
015938
012186
008690
010370
000688
012438
008458
010468
012394
015830
008970
001082
013322
004452
005352
001650
011568
009992
016778
013470
004718
007994
008838
013246
011212
014118
016294
007230
010338
014432
014404
010814
008440
004530
010250
015230
014146
000078
004966
008256
007268
006070
008928
009674
000552
009534
000112
000382
008200
015578
002866
011762
010302
012838
016234
004134
012936
000864
004140
005320
006322
009898
005620
011556
006894
002270
012460
004548
002268
006526
011576
002838
007500
015902
004042
003372
005192
002164
005652
002138
007764
002248
003640
003262
000236
011214
006326
009282
011702
016516
007818
002668
009366
006308
003844
013606
014562
004462
016418
016566
002254
007036
002222
003586
009042
005322
003448
011134
009380
008022
014876
001544
000960
007612
008316
013108
010384
015524
010536
016148
016120
001622
016876
001730
004076
010414
000832
010398
011258
005144
007090
001032
011308
009378
008000
006616
004586
011420
006854
002874
012604
014626
005024
002712
012338
006302
006766
009998
014268
015716
002494
007704
010502
001100
013488
010926
000500
007696
004098
001688
001510
001992
001328
007348
000138
013706
000654
015988
006126
003202
005802
008430
004492
015576
002070
014344
006848
016882
015398
006560
011262
004360
011834
006332
004658
007772
009206
013930
014228
014700
005756
010976
013592
006280
002924
003812
008406
014830
011776
011662
011880
009454
011918
011224
005578
008494
002986
011754
005588
013800
005336
002468
002832
014828
014182
014210
012760
006300
003142
006986
006382
007240
001826
001238
003454
003490
013622
009386
010254
005782
005576
003252
017022
005600
015886
014204
001506
009310
014882
014450
016646
009544
011994
003386
008354
005006
009842
010798
008522
015522
007600
005726
011970
015934
015706
015356
002678
015202
007356
016084
000824
012732
014522
013296
002258
012940
001922
006982
010628
017004
000794
001462
015998
004520
001804
002836
013820
010042
010662
000162
011784
013862
010186
011296
010288
006236
012306
016404
006544
010090
012404
014770
009960
016528
003294
009020
000568
005610
011404
014098
010818
003678
006156
003440
014664
010924
003220
016402
004398
006344
012946
008338
013932
008726
008464
004860
007744
005614
007222
010116
014300
000502
010346
003504
002562
005882
016446
006342
003722
010588
009702
007204
004156
011498
001894
000600
011196
000030
001360
011540
016188
005464
001832
005928
004968
014036
013484
005530
001214
002000
010100
012614
015990
007692
013788
009574
005842
012918
013300
012792
008344
015424
012514
011492
008242
016930
016372
013186
000508
016754
003134
007194
002716
002132
012530
005978
005748
007868
001212
000144
017002
007616
009530
012904
002298
007970
005104
016730
010950
016512
006012
005886
013104
003398
013598
016092
000252
009084
002776
013060
003116
003684
003946
010908
016506
015672
012370
007420
004600
002022
012932
001948
008678
015854
005154
006808
007564
001512
015814
002568
009004
011658
015310
006992
001902
008136
001104
016762
016482
005164
011122
011674
016132
003390
001658
007954
015756
013976
015256
011704
015904
006584
011166
011236
014482
014168
003874
003848
009266
003748
010808
004162
006252
012658
013872
016860
000274
016044
008422
015150
003990
002106
013802
004748
017100
014866
012086
011780
005228
012612
015406
012148
001334
007866
002834
000020
008730
005682
012142
009942
004254
008548
001458
005590
007496
015088
003254
004292
013014
010252
008330
011402
010556
014740
014076
015066
013798
005452
009828
006120
016154
016988
008460
001180
017138
004454
014944
009300
012506
001814
000778
003348
009056
009552
007328
005794
005924
002768
014862
009142
011200
014950
008666
002288
013036
007212
011614
010208
005890
002672
014578
001356
009076
014642
006060
001816
013192
015570
008892
014804
014466
010176
014846
000838
000668
003820
003370
007360
009966
005772
002396
003842
002548
005342
013280
010874
005088
007462
012034
012668
000262
001542
005106
010292
005264
016978
008942
016422
010020
002112
011764
012454
003676
000532
016268
008416
003296
016772
010640
008706
012930
005460
009154
002202
008952
000578
009776
009804
009484
005426
012292
000314
006410
010326
007234
001468
006214
007972
013492
008688
000528
016628
010260
006188
008888
014420
015030
007808
006740
017064
004854
005458
000066
011660
006654
016318
001532
014806
005970
005758
013616
016780
006746
008712
007810
009806
005658
009936
002576
000156
006194
013738
003088
006622
001518
002274
012114
009564
013996
016126
016094
004878
014348
004126
013324
002334
016192
016720
016732
010364
002762
001372
016342
015832
009132
001390
004074
006520
015956
008064
004296
010446
010410
005780
012374
013184
000348
011640
002524
004180
016108
011628
001562
012134
005844
013796
012798
008216
011950
008536
004068
007782
002446
016448
002780
008758
014100
015652
011746
017118
009214
007750
000602
003610
010572
002674
013442
003728
008956
002644
017048
016452
003648
006528
007492
012340
006676
016018
006978
002504
016376
014512
014426
003890
006450
010018
013216
007112
001284
014606
008616
006056
011500
007186
006966
009938
011712
009202
009910
008212
006994
013386
008250
014916
004800
007710
002922
013648
009950
013306
002860
010342
000900
010606
001146
015900
016630
016224
005484
006780
002066
014136
014666
006888
011394
001318
009408
010066
015062
017018
011322
016464
001706
004030
011408
002144
015248
008790
009450
010782
009882
014834
014970
015394
007828
006646
011362
001312
006316
009462
014778
014932
014310
007864
002730
000460
012012
002380
015144
012570
002296
002856
013094
001230
007442
006076
000894
010028
014418
007758
004898
006600
004830
012830
010574
011272
012722
010242
016680
016852
010518
012120
009712
002302
011024
004524
007278
012102
001120
007264
017108
010676
017052
016936
000200
009982
005938
007886
016972
004760
014160
007590
013894
007126
008746
007016
014174
012988
013614
013640
012834
015686
007668
014442
000858
013294
004374
004132
004656
000810
015728
000334
011558
000090
001060
010232
012602
017134
009656
012986
015516
000326
013926
002632
015970
012856
017036
000290
009318
015704
005166
016076
007546
014974
000288
006456
008552
005622
013642
010348
007572
016198
011638
015048
007942
000800
009518
014686
005520
009118
015708
013278
004458
000510
010404
006964
007248
004238
014224
014000
000896
013760
013516
001564
015908
012328
006268
008180
004892
001842
004170
015838
012718
015888
010268
001344
001892
008636
001526
014048
016592
014650
012308
003994
008896
001714
016138
009870
013536
003514
008654
005052
015872
010324
003044
012294
003006
002700
008570
002014
013846
016134
001460
004702
012036
003324
004822
014996
010956
016808
011194
007602
012254
008080
005438
015618
009368
013212
016242
009026
006612
011554
010354
016918
015602
006604
013920
001440
015950
007138
011442
015972
013882
000912
012954
016072
012490
000570
016040
014454
005310
001016
013786
015386
014266
011570
012562
017082
000708
000874
001508
006136
007106
011336
004686
005964
003008
004164
002580
008108
015234
002110
014458
015002
000004
006752
012258
016056
001918
013644
009218
016766
002520
015178
002622
012446
004726
006002
016216
006896
002970
015262
014526
002490
009284
012956
004130
004622
014868
003312
001152
005110
016606
014832
014486
011720
002284
016868
007310
000626
004568
001144
011076
012236
011768
014940
002512
000052
016806
000550
014024
003912
007936
016408
012694
009280
001416
009048
006408
012282
012372
014356
004938
016334
012098
007878
010434
015148
001022
011740
016324
001030
005224
017016
004262
014162
004304
001454
001174
015268
011700
000256
005332
002476
016364
007802
012066
012512
007266
015176
001722
010234
015538
002916
006842
006574
008198
012408
003150
000388
008964
006130
013120
016032
001126
001674
003442
009336
003972
000734
013748
015290
000120
010586
004404
013162
007286
001696
014284
007730
012352
005894
007848
009144
012752
004816
005942
011154
006340
008388
003828
015168
013892
012218
011786
005548
012870
016494
005474
012934
012332
002240
007326
000766
012314
002948
016666
014906
016874
009384
010836
011004
006802
015564
016440
000828
004596
011584
002354
004306
006314
001504
002114
004232
001336
002076
001754
004720
000342
009928
014506
012590
010610
012280
011176
003866
009488
008626
015590
009018
010332
005948
008620
007428
007648
005968
013040
005818
011178
011528
012728
003516
013988
001034
010980
011808
012478
013140
010118
009954
014692
010548
001040
008196
010620
005184
008914
004652
015254
002176
011306
015630
003542
005876
003602
012526
004756
003326
011588
000092
013008
000610
015152
013410
006010
001640
016800
000312
002082
010714
002246
007092
008796
009258
001496
006596
007858
001698
006804
005864
012770
016206
003696
015788
000452
001914
014014
013576
005082
014140
007702
001822
016312
014394
014296
000082
009860
012582
001402
012650
000322
001128
007200
008324
009068
011502
007002
000282
007914
017074
014988
005522
014264
014398
006838
014030
003970
010050
000116
005916
012162
008760
013666
010852
000582
002080
007708
013084
009362
002206
014644
001582
014946
006146
008648
006570
010576
012766
007732
006032
012600
006784
008546
016122
013150
014040
000814
008074
004310
016282
007454
011094
015252
009988
002870
000590
001434
007058
009968
011450
003206
006760
003338
007210
014584
005148
009322
012468
016636
011480
009642
003674
014110
005664
007676
000254
015508
011078
006080
013054
008812
005656
013124
000852
013394
011538
000612
008454
014654
015348
003054
011068
005686
005854
011512
013242
015654
000978
004730
002376
013888
015714
006436
005236
003558
009172
015432
012470
014930
010022
006110
003870
013542
000224
005090
015270
009778
006306
001994
009620
006330
005642
014712
014614
011218
006390
000934
005626
015784
017008
000792
008058
009316
002656
006652
011692
016888
008722
002782
015204
016600
013914
014092
015812
009158
007838
009762
003264
000456
009376
005350
004960
014524
008092
002290
015816
015660
012652
016688
016832
004670
010276
011246
016554
002486
003858
014632
000524
012316
003242
004302
008308
015880
006352
008610
011356
001576
008566
005944
000868
015304
008148
011016
006494
005896
008392
007518
013546
014858
014216
002180
012126
004384
009848
013966
012014
010864
003536
011710
006700
011484
016252
001332
004012
009216
009726
012698
015160
010356
016142
000780
001400
009104
014886
007636
000998
013684
002746
006636
013794
004566
002064
011304
011228
008456
004450
000558
015094
000742
007458
011328
002636
010914
011936
014942
012690
013062
005030
003352
001978
011028
008686
007746
013132
000018
012202
009850
013342
010734
002478
010566
006592
010058
016864
008976
016194
011376
011292
001878
004630
015914
004994
000560
000296
004150
004168
011698
002260
007754
010314
015822
005014
002350
007282
002670
009286
012052
011772
005176
005634
005550
016616
008394
003110
009796
013720
016300
007180
003948
011752
007174
006914
013258
005202
006154
012364
008056
002142
016396
009442
004314
016074
013016
002680
005812
015800
016266
005034
003942
005950
013028
009028
016840
014602
002930
013664
010800
016106
007460
010780
008444
015558
013954
002572
012756
010182
012414
003022
010964
000376
000268
014138
004868
008642
004948
002342
015868
011644
013582
015644
012396
002974
003606
016880
002386
016910
011598
016694
003184
003428
011516
000442
007686
012980
016584
004048
002740
016676
006710
016480
011676
006294
000526
011574
011060
011378
004942
010360
006656
003702
016222
006866
009264
001920
000920
005852
009786
007342
005702
005004
012704
010344
009886
015338
000094
014742
008870
014070
013074
005488
007012
001282
012644
012706
011124
001374
013200
003556
009628
003528
003660
013868
008660
008076
014492
016098
002250
004634
013818
003584
010024
014256
004632
002684
013134
003902
007542
006862
011490
001566
003466
012416
006370
000650
015308
000604
015072
000576
011346
014214
015948
002858
014622
015420
002358
006924
010750
001466
000080
011406
016400
015114
007148
012026
007586
013806
008924
010838
004982
012784
014452
007162
009404
001522
006530
005694
003636
009032
015994
016872
009906
005478
014060
007488
009152
001720
000680
006786
009138
009420
011518
002742
010996
009728
003822
016572
012796
013190
009190
001800
006248
006464
011038
005604
006448
011798
001342
008590
007042
007532
011184
007508
008990
008408
014772
013082
009740
016462
012384
003756
012450
009052
012212
011244
011102
010190
000512
001950
008182
007796
001286
009140
009634
002940
001292
013910
005786
015284
006172
012548
005000
011552
000514
010448
010144
009784
012324
001884
007684
005108
003802
004004
012654
011220
011250
012858
008988
006606
008594
003488
002264
002732
004908
015702
005122
008170
005358
002518
000420
006908
006364
001938
004308
009738
001446
010462
002046
004000
002038
007184
006026
013224
005616
006102
012366
000306
010196
008778
011462
001784
003860
011654
016948
016176
015470
002256
007080
001272
002946
011986
011962
006956
013574
009756
011358
016726
007402
006412
009122
002148
016078
001042
009222
016296
013086
003618
007250
007536
015778
013874
003424
001070
006426
004706
016886
015740
006772
000830
008640
015852
002814
011650
012130
004998
010742
016028
002160
013662
002016
002102
016434
013364
001594
005410
013594
016186
000974
000118
010352
007208
010650
015092
006246
014628
007712
003334
003910
004884
016996
005040
003210
003620
004920
005784
007164
000622
015350
004440
006758
009478
009426
005382
008282
006922
002198
009106
014788
004532
004102
013018
010084
006074
006284
012578
002900
003916
000754
014856
002530
006210
008752
009156
010796
006234
005856
003050
004416
016088
013264
013448
016090
012990
009844
006230
004256
000302
013248
015090
002004
007096
016174
005182
012238
009560
003106
000434
000990
010992
000642
000670
010430
000698
000736
000738
003540
006022
011302
015962
001464
006226
017080
002958
004518
012702
001970
013570
011476
006166
011732
007040
007672
010680
015382
013304
008856
004538
004276
016164
013946
001936
006830
004016
000304
001232
015346
007902
001262
010452
015046
000580
001398
002610
013266
005512
006006
009046
010986
009592
000850
009080
002854
013290
006418
000146
009650
017120
002208
005444
011186
006374
001982
000216
012942
005480
001746
000410
017114
013250
009400
004208
005736
013020
008986
000718
016924
005888
007062
013826
010488
014178
015726
009040
006920
000958
007538
006632
003736
000226
004782
011860
010806
012140
011942
012132
007188
003200
003260
014508
015232
014574
014746
015772
009670
003580
010146
007110
001560
014896
012734
011578
001294
015580
013558
008916
001064
002416
009734
016140
013736
014914
006680
011210
004918
016110
012420
011886
015696
013256
012210
005562
011392
011790
011428
004090
014064
001534
008700
008026
002886
013444
009396
010776
016000
015780
014422
003962
008158
005822
002006
003726
007030
002826
007988
006376
008402
012358
002968
003932
011180
013978
005056
010604
003796
013718
010014
004592
003212
006392
002544
012008
010126
003270
001414
001142
011370
001834
006208
009832
007776
010368
010794
002686
016724
001968
002824
001304
001314
003288
000188
005134
009192
004252
015364
000380
015184
009528
009166
008918
005258
015514
014026
004796
013096
016458
003368
004558
003790
001932
014502
014338
011982
001966
014192
011096
011278
007626
004144
004064
010560
003770
011930
014248
001392
005668
006754
003258
008418
015856
009064
008374
013332
003464
000476
007948
012080
000866
003798
008266
007882
016026
013942
014546
005424
000438
015428
010074
009598
014884
002124
014236
002938
012896
008362
005368
006688
002550
010264
012684
016214
015520
016444
000318
003806
000954
002104
000518
000354
012188
007756
000760
011282
005568
009974
016486
016442
000710
000458
009194
012848
007974
014326
007262
013240
002186
007084
003058
006580
013360
015598
010904
009700
002338
004244
000148
013518
003128
009406
009358
004638
004916
017024
004188
005432
014032
007792
014516
002314
016354
009196
009782
001926
001520
005080
012686
015370
002810
001290
012288
010278
001270
005170
012864
016244
006168
014190
015742
008584
010490
002592
004172
014086
009246
005850
016714
003896
013956
006404
011534
013316
011826
016104
004190
012540
012636
007890
015710
006432
004856
006858
016250
002054
012386
014324
008378
009884
011298
001130
010184
011904
016522
007904
009010
007192
008476
000482
002598
014674
000758
007910
005688
003714
015132
010748
002616
014808
009288
007688
000242
014924
015020
010740
013548
003766
003042
009234
017032
012368
000980
013588
004224
004114
005940
011116
003494
014702
006452
012648
008982
013740
008368
010480
011142
006792
000054
009802
006324
014020
007150
003688
009074
012100
000008
016938
013374
004798
008322
011668
016542
006928
001364
015112
011924
009200
000464
002190
014392
003434
016966
007924
012168
004246
016060
010150
012502
008332
008784
014864
015442
005994
000676
011724
011796
010386
007378
001158
014088
011910
015864
014844
013816
003084
005926
008398
002694
008934
007078
007474
000478
008714
009994
016552
001480
010106
016612
007072
003056
011832
012138
014532
008644
014904
008260
008646
015154
014556
003900
009538
005580
012778
001604
012436
008938
009836
000636
011240
004608
001156
013118
016346
005644
006558
014768
013052
004204
002914
007388
005142
004018
005158
008834
010948
007166
002554
009522
008868
002002
009508
004610
014286
001734
011952
012486
003792
010820
011084
009584
010932
012312
008662
005344
006876
012924
005570
010220
004780
005640
005482
009066
007336
009640
006598
015758
007926
002282
013502
010706
006534
002154
015846
012222
004862
003550
013680
014478
015986
002812
011906
000620
009626
010738
016916
008072
004474
002218
006190
002606
013682
005718
010456
003136
000134
016674
008588
015120
015106
012350
003284
000546
001788
014074
005540
003066
011956
008128
003164
008340
010532
009418
014708
013742
011870
008564
011050
002898
007510
005064
008972
000372
010730
002212
014678
004512
011188
009162
015632
003446
012572
004112
001662
015196
015434
012736
008884
009990
007190
012822
006682
006170
008848
009232
012964
003578
002090
000190
000652
001090
016414
002912
012772
015170
004620
006262
014888
011682
007416
006454
012628
003936
003132
004446
012156
011202
004192
014734
006158
006734
006036
011100
008542
012320
015612
001980
003570
003712
005442
012906
007218
016578
015634
006698
003690
005102
013890
014810
012640
007514
008904
001386
003992
000192
002844
014792
005670
006098
005494
003172
008532
002384
000160
002008
005298
007580
000768
003276
008592
002430
002526
005394
012588
014130
012106
007318
016896
005966
001538
012488
011330
008502
000128
001316
005858
006318
004526
011990
009136
001072
005434
010082
004728
006882
000440
003582
014200
014094
001478
008954
003498
016670
005186
014720
015876
003002
000882
009774
013402
005374
010098
014464
001438
001610
012670
013840
003098
016130
013314
016398
004176
002558
000704
012474
012484
013674
006512
003036
006346
011146
008852
008488
003524
000782
001718
008496
005376
008292
001680
000556
015438
002188
010994
002072
010154
009766
006870
000284
008044
006328
015312
012440
001492
015276
009324
009440
014154
011878
003194
000220
012802
013148
016038
009894
013222
003974
002942
000448
006132
015966
001436
009444
012594
013178
010004
002634
006016
014836
003320
016096
008984
008738
008382
001136
009816
010920
000400
000624
000430
004062
010036
009274
008878
014084
009186
001330
006424
005932
005204
006820
007650
014112
003180
010134
002966
013406
000906
007006
008576
014438
003846
010506
006936
011648
003538
013984
012708
016884
009666
013860
005872
000538
004616
013924
003090
009612
005678
010822
011494
005210
005984
005278
011160
006624
005476
011290
010642
000206
001802
015926
001410
002470
001028
016712
000014
016696
009360
004778
002724
013686
006178
012250
014714
005912
000788
012456
000346
009698
013478
016370
004050
010668
008596
003698
009878
002662
001224
013454
003656
012062
008668
016940
009334
005646
016208
004776
000706
012556
012622
002972
002702
011318
013510
012992
013830
002950
006068
008126
002042
012020
003138
007018
015180
003532
013166
013172
007252
001106
009632
004930
012434
005840
006160
009856
002184
015606
003318
009290
008740
008638
016954
000860
013958
015478
015546
011464
003856
002304
007944
006662
012270
008504
000776
008184
007962
010492
013428
013790
003486
006086
001580
017078
010902
011760
009912
003996
015080
005792
003144
015104
006348
011788
000962
013440
008872
004044
015064
017094
004054
012920
014568
000470
005078
010064
014196
008252
010008
011830
002738
002926
011706
003800
000506
000666
001050
009424
006608
002352
002200
000432
012242
004642
015024
001548
017038
011876
012022
016466
001164
002528
012518
004070
001378
004080
006770
000932
014468
012592
012018
005272
016196
006468
004194
006972
008144
013486
012876
014258
004026
010686
015626
007384
005976
012524
009684
006536
014898
006066
000822
003070
007054
011070
014424
005956
017116
001494
015662
004570
000176
013372
007874
000240
010946
002228
002310
010002
012204
006532
010558
016804
009070
015360
016934
013000
007354
004582
002690
008328
009504
015224
008016
002390
000370
012676
007674
005930
007480
014730
013524
014416
007940
002500
016786
014374
017104
014528
002648
004436
013056
005402
001792
002770
009854
006508
002778
010802
001268
015454
006264
007104
004086
007656
000658
002608